 Teeny 4.1       6502        6809
Port Bit Pin  Signal Pin  Signal Pin
---- --- ---  ------ ---  ------ ---
 6     3   0   A0      9   A0      8
 6     2   1   A1     10   A1      9
 6    18  14   A2     11   A2     10
 6    19  15   A3     12   A3     11
 6    23  16   A4     13   A4     12
 6    22  17   A5     14   A5     13
 6    17  18   A6     15   A6     14
 6    16  19   A7     16   A7     15
 6    26  20   A8     17   A8     16
 6    27  21   A9     18   A9     17
 6    24  22   A10    19   A10    18
 6    25  23   A11    20   A11    19
 6    12  24   A12    22   A12    20
 6    13  25   A13    23   A13    21
 6    30  26   A14    24   A14    22
 6    31  27   A15    25   A15    23
 6    28  38 (SPARE1)
 6    29  39
 6    20  40
 6    21  41

 7    10   6   D0     33   D0     31
 7    17   7   D1     32   D1     30
 7    16   8   D2     31   D2     29
 7    11   9   D3     30   D3     28
 7     0  10   D4     29   D4     27
 7     2  11   D5     28   D5     26
 7     1  12   D6     27   D6     25
 7     3  13 (LED)
 7    12  32   D7     26   D7     24
 7     9  34 (SPARE2)
 7    28  35
 7    18  36
 7    19  37

 8    18  28
 8    23  30
 8    22  31 (TRIGGER BUTTON)

 9     4   2   PHI2   39   E      34
 9     5   3   SYNC    7   Q      35
 9     6   4   R/W    34   R/W    32
 9     8   5   /RESET 40   /RESET 37 
 9    31  29   /IRQ    4   /IRQ    3
 9     7  33   /NMI    6   /NMI    2
